Index_1,w,c,y,atr,mtr
1,1,6.877231941565039,0.9066804348037849,-6.585067105868832,0.32420188373490133
2,1.0476,6.877253103995833,0.9067199430961281,-6.584759943089422,0.464307922642774
3,1.0975,6.8772744670826444,0.9067702637046319,-6.584362591452186,0.5754132532224909
4,1.1498,6.877296090972083,0.9068345317122533,-6.58384892774938,0.6634879066606165
5,1.2045,6.8773180551801065,0.9069168618224247,-6.583184682838869,0.7331692452522685
6,1.2619,6.877340468560592,0.9070228508433693,-6.5823232702085654,0.7884815710183126
7,1.3219,6.877363478824245,0.9071600371025442,-6.581201990324048,0.832219058352128
8,1.3849,6.877387297330705,0.907339138860521,-6.579731770380422,0.8669586927786526
9,1.4507999999999999,6.877412227715007,0.9075754381399551,-6.577785756091008,0.8944415021366495
10,1.5198999999999998,6.8774387332810445,0.9078920876117653,-6.575172013418833,0.9162351433225814
11,1.5923,6.877467557047345,0.9083259219047009,-6.571585695391958,0.9334968284003545
12,1.6681000000000001,6.877499992651818,0.9089405016856237,-6.566501855619309,0.9471516526346848
13,1.7474999999999998,6.877538602571162,0.9098604493927627,-6.558893901983765,0.9579454271188249
14,1.8307000000000002,6.877588932606634,0.9113655962755837,-6.546465392936504,0.966450611196074
15,1.9179,6.877668765526169,0.9143497119653289,-6.521923696725528,0.9730648415989175
16,2.0092,6.877865415932091,0.9234247051077322,-6.448214649108483,0.9777929888751071
17,2.1049,6.881342141194038,1.0680132519311618,-5.443124304638844,0.9685116992151407
18,2.2051000000000003,6.89366111342315,1.3569650287521606,-4.080205434448396,0.9349670918935697
19,2.3101,6.9234773842798925,1.7050053860441696,-3.0606777204048865,0.8715455599168462
20,2.4201,6.98248741867974,2.079680336476759,-2.3574810975560574,0.7746696019458231
21,2.5354,7.079082288696062,2.456790817649159,-1.8814346902638857,0.6522714968868581
22,2.6561000000000003,7.209620671467145,2.8118859053462173,-1.5639805149133357,0.5271007010787463
23,2.7826,7.361409391414325,3.1341177586599165,-1.3487979579178002,0.4216278972094577
24,2.9151,7.523207826917948,3.427016785893391,-1.1952643645883745,0.3447641675536349
25,3.0539,7.689996684123371,3.7008262958743545,-1.0779134358983844,0.29381133046144325
26,3.1993,7.861143455236103,3.965857196265657,-0.9822053760882612,0.2619709481874499
27,3.3516000000000004,8.037499004346184,4.229813421961172,-0.9002017825693035,0.24312539274406486
28,3.5111999999999997,8.220479094769297,4.49850657264922,-0.8273795896508308,0.23264628816526678
29,3.6784,8.411041704333629,4.775579045844045,-0.7612611211311331,0.22765848067188932
30,3.8535000000000004,8.60952035720413,5.063072052804509,-0.7004538484565296,0.22664372280608835
31,4.037,8.816748744306963,5.363398498480482,-0.6438735154221449,0.22826798482378463
32,4.2292000000000005,9.032292540501164,5.676954219693941,-0.5910455133083877,0.23233728037075152
33,4.4306,9.256627118342415,6.005439101922022,-0.5413739047624112,0.23815547003188653
34,4.6416,9.489350820068815,6.3492358270757325,-0.4945658152438362,0.24569449805694632
35,4.8626000000000005,9.730083424529491,6.7088384234728045,-0.45033801834994125,0.254845032718819
36,5.0941,9.978402059045377,7.084771171626944,-0.40842968916297995,0.2655436669251492
37,5.3366999999999996,10.234325506217882,7.4782769446880994,-0.3685405852062531,0.2774927180598683
38,5.5908,10.49705434253743,7.889375726370305,-0.3305304128755001,0.29074766264306573
39,5.857,10.766825701866797,8.31974582850829,-0.2941291625728981,0.30487306923930435
40,6.1358999999999995,11.04320495940866,8.770013185028654,-0.2592004967860922,0.3198422987674763
41,6.4281,11.326932046713814,9.242647049428442,-0.22550736668174118,0.33507547174478536
42,6.7342,11.618168568762622,9.739078589531553,-0.19294330176685143,0.35040686067612414
43,7.0548,11.917336899723516,10.261147726691867,-0.1614038913720614,0.3656043022728972
44,7.3907,12.225243095194461,10.811336332495637,-0.13078001823410526,0.38043105281146583
45,7.7425999999999995,12.54290263353768,11.3923922016315,-0.10098936303662515,0.3946234482522588
46,8.1113,12.871179516373578,12.006741172619622,-0.07199608381042116,0.40810009056430074
47,8.4975,13.210217644671541,12.655513841641143,-0.0438309980907472,0.42102039402758695
48,8.9022,13.562121018382376,13.343521593647992,-0.016382438713813396,0.43298425875244695
49,9.326,13.925974673221088,14.069746780419845,0.010218528410108783,0.44452045684390995
50,9.770100000000001,14.304964134130273,14.84130446834664,0.03613835531507812,0.4550040757903133
51,10.235000000000001,14.69612138104964,15.653046335111165,0.061133464603312294,0.46548949102391013
52,10.723,15.106416514979864,16.520364888171937,0.08558820478622813,0.47459160005662626
53,11.233,15.529117473949228,17.429554533922698,0.10903532022431771,0.48398021241992817
54,11.768,15.972711280243637,18.400090914611365,0.13192215438675717,0.49211360791325753
55,12.328,16.43287322112674,19.422986918185043,0.1539471611474323,0.5001946022288761
56,12.915000000000001,16.9125145272259,20.506186615682438,0.17524819001248243,0.5078839054296784
57,13.53,17.413228452888085,21.65417564201919,0.1958489327527986,0.5150715798728103
58,14.175,17.93763976447296,22.873795674744425,0.21579959795311143,0.5216589950494529
59,14.850000000000001,18.485270237125878,24.16437511947537,0.23501972859924675,0.5278608568481831
60,15.557,19.05560086772552,25.526218682980712,0.2534890849136772,0.5340742816091854
61,16.298,19.65292212496733,26.97098443617002,0.27133093078310655,0.539832835269479
62,17.074,20.28344193152635,28.513208261572398,0.28862996596343754,0.5444794655503095
63,17.886,20.93698911795847,30.129258856531774,0.3050944526164638,0.5498184805612859
64,18.738,21.62810297590959,31.85682525055781,0.32108416937965645,0.5541448373289646
65,19.630000000000003,22.345727367257187,33.66939242358374,0.3363192573797348,0.5591004862830495
66,20.565,23.11202883616736,35.62257159868237,0.35119706975275633,0.5622184012495484
67,21.543999999999997,23.90254237143022,37.65539382856953,0.36522925559484876,0.5668113445952248
68,22.57,24.752782963374738,39.85879445118904,0.37898816800174623,0.5690381358928989
69,23.645,25.629053706950028,42.14655524377233,0.39190632404680253,0.573074844319013
70,24.771,26.561828703590173,44.600683504633935,0.4044524295052464,0.575724102629345
71,25.950000000000003,27.550190419112084,47.214964274092424,0.4164945194244424,0.5776895280192282
72,27.186,28.58511396971329,49.9673520011763,0.4279241779904535,0.5802228676663811
73,28.479999999999997,29.689177372998305,52.91659307910905,0.43894389934337436,0.5815268709283118
74,29.836,30.846231062701214,56.019604663984886,0.44936721264417784,0.5834595650780142
75,31.257,32.07924514568782,59.3379537086796,0.4593806637960375,0.5844782149538632
76,32.745000000000005,33.39631458214581,62.886785707596786,0.4689454357322717,0.5845558804438449
77,34.305,34.797390928998254,66.66166509570851,0.4779999737624554,0.5843598323773395
78,35.938,36.27861535492776,70.6512863040851,0.486511608595722,0.5843662831088619
79,37.649,37.84984866246679,74.88314371943302,0.4945478143348257,0.5843105069901857
80,39.442,39.52273663259537,79.38634889277424,0.5021469410820487,0.5839086665527298
81,41.31999999999999,41.36187050904933,84.3130927479858,0.5094252961081487,0.5804550317765069
82,43.288000000000004,43.23708214082522,89.32192371205304,0.5159409880131047,0.5812115777911129
83,45.349000000000004,45.38246334691074,95.0131269210007,0.5223558594735621,0.5750910580821518
84,47.507999999999996,47.67487298731161,101.01342967647395,0.5280343104871817,0.5697877937745324
85,49.77,49.99980050186131,107.06322243154597,0.5329880852985706,0.5697478595846326
86,52.14,52.750746545575424,114.13377860519799,0.537816523817665,0.5596463015316195
87,54.623,55.5998910053133,121.33148125838979,0.5417521452086559,0.5543270711488808
88,57.224000000000004,58.777168525428024,129.2300152587019,0.5451740185299547,0.545470032109722
89,59.94799999999999,62.18443444466044,137.54694048709854,0.5479039066630992,0.5376932383929673
90,62.803000000000004,66.0636097073452,146.80305898580178,0.5499847880299646,0.5246226647004608
91,65.793,70.59201665045106,157.2321701971915,0.5510332487180032,0.5042449039470136
92,68.926,75.38110642449307,167.87921257364556,0.5509801048690007,0.48940998739009733
93,72.208,80.60993276284248,179.17558997522983,0.5501065029338739,0.4749643516084642
94,75.646,87.25870124657371,192.88882722145428,0.5476217959146352,0.44114589126392734
95,79.248,94.54419222027823,207.08870112811778,0.5434604026909832,0.41158455522989734
96,83.02199999999999,103.6234799901653,223.6798017352461,0.5367329585135404,0.3653400110098015
97,86.975,113.87467581625931,241.12104986305238,0.5277281851545694,0.3208459159604542
98,91.11599999999999,128.04253488661118,263.0682836540115,0.513272625996172,0.23739309078214377
99,95.45500000000001,144.90198332391859,286.4308787495294,0.4941118640681591,0.15065148531317718
100,100,169.59023352186549,316.2297657725207,0.46371198451995216,-2.5295370827960184e-05
