100
0.1 0.01
0.10476 0.01
0.10975 0.01
0.11498 0.01
0.12045 0.01
0.12619 0.01
0.13219 0.01
0.13849 0.01
0.14508 0.01
0.15199 0.01
0.15923 0.01
0.16681 0.01
0.17475 0.010001
0.18307 0.010003
0.19179 0.010009
0.20092 0.010022
0.21049 0.010055
0.22051 0.010127
0.23101 0.010282
0.24201 0.010597
0.25354 0.011205
0.26561 0.012323
0.27826 0.014278
0.29151 0.017534
0.30539 0.022703
0.31993 0.030531
0.33516 0.041845
0.35112 0.057469
0.36784 0.078111
0.38535 0.10423
0.4037 0.13596
0.42292 0.17298
0.44306 0.21462
0.46416 0.25984
0.48626 0.3074
0.50941 0.356
0.53367 0.40442
0.55908 0.4516
0.5857 0.49677
0.61359 0.53936
0.64281 0.57909
0.67342 0.61584
0.70548 0.64964
0.73907 0.6806
0.77426 0.7089
0.81113 0.73473
0.84975 0.75828
0.89022 0.77975
0.9326 0.79931
0.97701 0.81714
1.0235 0.83339
1.0723 0.84819
1.1233 0.86167
1.1768 0.87396
1.2328 0.88516
1.2915 0.89536
1.353 0.90466
1.4175 0.91313
1.485 0.92085
1.5557 0.92788
1.6298 0.93428
1.7074 0.94012
1.7886 0.94544
1.8738 0.95029
1.963 0.9547
2.0565 0.95873
2.1544 0.96239
2.257 0.96574
2.3645 0.96878
2.4771 0.97155
2.595 0.97408
2.7186 0.97638
2.848 0.97848
2.9836 0.98039
3.1257 0.98213
3.2745 0.98372
3.4305 0.98517
3.5938 0.98649
3.7649 0.98769
3.9442 0.98878
4.132 0.98978
4.3288 0.99068
4.5349 0.99151
4.7508 0.99227
4.977 0.99295
5.214 0.99358
5.4623 0.99415
5.7224 0.99467
5.9948 0.99514
6.2803 0.99557
6.5793 0.99597
6.8926 0.99633
7.2208 0.99665
7.5646 0.99695
7.9248 0.99722
8.3022 0.99747
8.6975 0.99769
9.1116 0.9979
9.5455 0.99808
10 0.99825
